% time     seconds  usecs/call     calls    errors syscall
------ ----------- ----------- --------- --------- ------------------
 64.78    0.004266           0     16713         1 statx
 16.11    0.001061           0      2897           write
  9.14    0.000602           0       938           getdents64
  3.90    0.000257           0       473           openat
  2.81    0.000185           0       473           close
  2.79    0.000184           0       473           newfstatat
  0.46    0.000030           1        28           brk
  0.00    0.000000           0         5           read
  0.00    0.000000           0         1           poll
  0.00    0.000000           0        13           mmap
  0.00    0.000000           0         5           mprotect
  0.00    0.000000           0         2           munmap
  0.00    0.000000           0         5           rt_sigaction
  0.00    0.000000           0         2           pread64
  0.00    0.000000           0         1         1 access
  0.00    0.000000           0         1           execve
  0.00    0.000000           0         3           sigaltstack
  0.00    0.000000           0         2         1 arch_prctl
  0.00    0.000000           0         1           sched_getaffinity
  0.00    0.000000           0         1           set_tid_address
  0.00    0.000000           0         1           set_robust_list
  0.00    0.000000           0         2           prlimit64
  0.00    0.000000           0         2           getrandom
  0.00    0.000000           0         1           rseq
------ ----------- ----------- --------- --------- ------------------
100.00    0.006585           0     22043         3 total
