% time     seconds  usecs/call     calls    errors syscall
------ ----------- ----------- --------- --------- ------------------
 69.79    0.005112           0     16731         1 statx
 17.99    0.001318           0      2900           write
  5.71    0.000418           0       938           getdents64
  2.59    0.000190           0       473           openat
  2.05    0.000150           0       473           close
  1.75    0.000128           0       473           newfstatat
  0.12    0.000009           0        30           brk
  0.00    0.000000           0         5           read
  0.00    0.000000           0         1           poll
  0.00    0.000000           0        13           mmap
  0.00    0.000000           0         5           mprotect
  0.00    0.000000           0         2           munmap
  0.00    0.000000           0         5           rt_sigaction
  0.00    0.000000           0         2           pread64
  0.00    0.000000           0         1         1 access
  0.00    0.000000           0         1           execve
  0.00    0.000000           0         3           sigaltstack
  0.00    0.000000           0         2         1 arch_prctl
  0.00    0.000000           0         1           sched_getaffinity
  0.00    0.000000           0         1           set_tid_address
  0.00    0.000000           0         1           set_robust_list
  0.00    0.000000           0         2           prlimit64
  0.00    0.000000           0         2           getrandom
  0.00    0.000000           0         1           rseq
------ ----------- ----------- --------- --------- ------------------
100.00    0.007325           0     22066         3 total
